1301
1332
1376
1377
1379
1380
1381
1382
1400
1407
1414
1417
1418
1491
1514
1515
1518
1605
1662
1711
1712
1716
1717
1718
1719
1720
1721
1723
1724
1726
1730
1736
1739
1743
1757
1758
1762
1764
1766
1768
1770
1773
1775
1776
1780
1783
1787
1788
1789
1793
1795
1798
1799
1801
1802
1803
1805
1807
1808
1810
1811
1812
1813
1814
1815
1820
1821
1822
1826
1827
1828
1833
1835
1840
1841
1844
1847
1848
1850
1852
1853
1860
1861
1866
1867
1870
1871
1873
1878
1879
1882
1884
1885
1888
1890
1893
1897
1898
1899
1904
1905
1911
1914
1921
1925
1926
1928
1929
1930
1934
1938
1939
1941
1942
1944
1945
1946
1948
1949
1950
1951
1952
1954
1959
1960
1961
1963
1964
1965
1966
1967
1968
1969
1971
1972
1973
1975
1976
1979
1980
1981
1982
1992
1994
1997
2001
2002
2003
2004
2009
2053
2055
2107
2108
2109
2112
2114
2117
2120
2121
2122
2124
2127
2134
2136
2138
2146
2148
2152
2153
2154
2156
2157
2158
2160
2162
2163
2164
2168
2169
2170
2173
2175
2179
2180
2181
2183
2185
2186
2193
2201
2204
2206
2207
2208
2209
2211
2212
2215
2216
2217
2220
2221
2224
2226
2264
2266
2267
2268
2269
2270
2281
2282
2286
2288
2291
2292
2293
2294
2300
2301
2303
2304
2305
2307
2309
2311
2315
2317
2321
2323
2325
2326
2327
2329
2330
2331
2332
2335
2337
2338
2340
2341
2342
2344
2345
2349
2351
2353
2354
2359
2370
2371
2372
2373
2374
2375
2376
2378
2379
2385
2388
2389
2391
2393
2395
2397
2402
2404
2408
2410
2411
2412
2413
2415
2418
2425
2428
2429
2432
2433
2435
2436
2437
2438
2440
2445
2449
2453
2454
2459
2461
2462
2464
2468
2469
2471
2475
2477
2479
2480
2481
2483
2484
2487
2488
2489
2491
2492
2493
2497
2498
2501
2502
2503
2531
2533
2540
2573
2579
2590
2593
2594
2597
2599
2602
2607
2613
2651
2652
2653
2654
2656
2659
2664
2666
2667
2668
2669
2670
2673
2674
2676
2678
2681
2683
2685
2687
2689
2692
2693
2694
2695
2698
2700
2702
2705
2706
2708
2715
2721
2722
2726
2730
2734
2735
2736
2737
2742
2743
2747
2750
2751
2752
2753
2754
2760
2761
2762
2763
2764
2767
2768
2769
2776
2777
2778
2780
2782
2784
2788
2789
2790
2791
2792
2795
2796
2798
2801
2802
2804
2805
2806
2809
2810
2811
2812
2813
2814
2815
2816
2818
2819
2830
2831
2871
2872
2874
2875
2876
2877
2892
2894
2897
2899
2901
2903
2904
2907
2908
2910
2911
2914
2916
2917
2918
2922
2923
2926
2927
2929
3001
3002
3003
3004
3010
3011
3020
3021
3023
3024
3028
3030
3031
3034
3035
3036
3038
3040
3041
3042
3045
3046
3048
3050
3053
3054
3058
3059
3063
3064
3065
3067
3068
3069
3070
3071
3073
3075
3076
3077
3079
3080
3082
3083
3085
3086
3087
3088
3089
3092
3093
3096
3099
3101
3103
3104
3105
3106
3107
3109
3110
3111
3113
3116
3121
3123
3140
3141
3143
3148
3150
3151
3153
3154
3156
3157
3159
3167
3201
3202
3204
3205
3231
3236
3237
3238
3241
3242
3244
3245
3248
3254
3264
3266
3302
